Id,Happiness,Sadness,Religiousness
0,0.35060693896030676,0.3183526134396645,0.3265490143861038
1,0.346674343505434,0.3161830691536438,0.32461966623588123
2,0.3416365124244579,0.312070594644235,0.32272419138874703
3,0.35274510218383515,0.31530088203927004,0.33139674658887047
4,0.3398210185655193,0.30831659999707345,0.3183710556162474
5,0.3397584865563895,0.31641058704933206,0.3160451479036413
6,0.33029811600424974,0.3096982007671645,0.3216650143045463
7,0.33421495868170814,0.31262211198902135,0.3224244681826925
8,0.35643359694313254,0.3200019614004688,0.3309132772786438
9,0.35381732027180524,0.30682381959859556,0.3218280149870386
10,0.3268586366850043,0.3036866478284801,0.3130660970485641
11,0.34391572137799875,0.3149978864970716,0.3200336200811227
12,0.3373655075687559,0.3119586368768781,0.3136415798888881
13,0.3421322019965713,0.3050799040223126,0.3204053919662343
14,0.3489310588387232,0.3117797877821184,0.321014326137522
15,0.34486035988830976,0.3161289046316203,0.32294382753752965
16,0.3501877300231186,0.3170759957827707,0.32839736390494734
17,0.33951826261649215,0.3057516372422463,0.3120115564930211
18,0.3792918058612746,0.3597580765779445,0.36423544639876043
19,0.37019191438843474,0.3475549885467584,0.35020453548092123
20,0.38689297155443375,0.3560783914778884,0.37501111926016123
21,0.38545831022638144,0.3739270951988776,0.36888706458971915
22,0.3700514818791589,0.3519327889499608,0.36284187680993174
23,0.37846496585801764,0.3483534428800131,0.37120150442003247
24,0.3852654931033848,0.3532853960546269,0.3847195095156874
25,0.38360048126454205,0.36015502131054006,0.37678347077944113
26,0.3714861531800701,0.33333221179410055,0.3575697046227555
27,0.36607010360450754,0.3462291020786199,0.3555451921617845
28,0.3623123893651945,0.34401342705540267,0.3531706001963656
29,0.3645396336905031,0.31026986696790726,0.3747782897315554
30,0.36648641139643445,0.3204704021445428,0.38975406116540917
31,0.36544495046779596,0.30790997244313123,0.3716749109139313
32,0.36009619250740665,0.31584955193772285,0.3845296712196423
33,0.3638325700357754,0.30655296017698797,0.3908797874719696
34,0.3772796801359677,0.3180618137823858,0.3907990422892527
35,0.3423598195508346,0.28616071273102345,0.2743713255832104
36,0.2931887797955139,0.2547312237816423,0.2913079869651918
37,0.27162893072175864,0.23957915990538625,0.2798416218920726
38,0.273739191964631,0.24701634198001246,0.2791249431206412
39,0.2763434126895463,0.24308319013543706,0.280923161290699
40,0.282275051433942,0.25098223849488,0.291654407661713
41,0.29744033389083113,0.2556654378889611,0.3014422460055619
42,0.27860410249198847,0.2495808630733406,0.28774411836944336
43,0.2770117667178781,0.23995483242962348,0.28085313208316615
44,0.3197668412251991,0.30813369429414184,0.30116062753253475
45,0.32364057187247647,0.30865054390096613,0.2851145400994293
46,0.3125730774664051,0.306603077647984,0.29088532527115796
47,0.31291040304451895,0.29360001136494407,0.270657095076224
48,0.31343506880183203,0.29443403125438966,0.25141727352684995
49,0.30689001918894737,0.2913405226173832,0.2488102391355612
50,0.32372047513700924,0.3039663270630488,0.2836706266095444
51,0.3205454145212681,0.29220435582169785,0.2809450865332914
52,0.3514534405558185,0.30888717759553574,0.3394052176449785
53,0.3573697859604549,0.31262479484571615,0.35247005757727445
54,0.3372494264575354,0.2953290768766854,0.33902405457682117
55,0.33772411496377447,0.2912636097658411,0.3436001457579671
56,0.3471845403715678,0.30454328229450967,0.3514142070480764
57,0.3631780613235158,0.31046164108650287,0.33535600533965404
58,0.3441681989947524,0.2819928900962649,0.3175619763002232
59,0.32615997750373416,0.2988884350612331,0.32161142078428595
60,0.3241594277942885,0.2955718092423056,0.3179675560699514
61,0.34538842708497836,0.28477619540216514,0.32138635314760283
62,0.3497963149080114,0.3115184420288207,0.37938522388780543
63,0.34992079299163364,0.31507818315690317,0.3682278105746815
64,0.3663476981200223,0.32019000590116053,0.3722376457888771
65,0.3452110897288957,0.3046145037371055,0.33057248739587997
66,0.35134108011855647,0.2938897155223065,0.3224570927472721
67,0.35195603776489875,0.3076647693313892,0.33761747779040924
68,0.33617738365615224,0.3074035554934757,0.31897699166004734
69,0.342822382445871,0.2977007519317873,0.3294970180757456
70,0.3422794540439815,0.3061585489365291,0.33115791185651855
71,0.34696252076203915,0.31083079516694934,0.33575509738818604
72,0.3244169099858408,0.3020206252471221,0.3068276901637344
73,0.35375050163918753,0.2887400772450016,0.32559945690215186
74,0.3639520527337279,0.3165263056163749,0.3418700389840035
75,0.36017566935493617,0.32111644321290134,0.3387314745863401
76,0.34738425675506096,0.28790434658233416,0.3237739824889963
77,0.3350340577378099,0.28099401586375894,0.3166033381190179
78,0.3432916130135131,0.29086027399655967,0.3308860872224719
79,0.34152231663589605,0.28524349435657637,0.3230732327989565
80,0.34252390325746324,0.2726729277652278,0.3344091730700582
81,0.3424171131484709,0.2985448051204526,0.34843974473137673
82,0.34338838338340016,0.2842053106987847,0.331508572306167
83,0.3413641974344187,0.2988570780589076,0.34539418619187257
84,0.3524223591199003,0.2883121795568292,0.33606808408928585
85,0.34126677205034156,0.28400225909386506,0.33167068609227396
86,0.3495709353675884,0.2974568196303049,0.33656508802789437
87,0.34686850254099766,0.28930942896600037,0.3340430168522835
88,0.3526760263630118,0.29669080414557925,0.3418301782859968
89,0.34980199657865396,0.30249868633889393,0.3348308208213975
90,0.3376350591146141,0.29259011350386116,0.3200935987959595
91,0.3578449545004912,0.3149862113584214,0.3473079585117196
92,0.3514460161076602,0.30335840957770677,0.33912485431630013
93,0.3467413863004189,0.30683054536409266,0.34506893266297345
94,0.33074303772989233,0.28600524343248385,0.3310531698183362
95,0.34035764987999745,0.29951403122400616,0.3366784874654318
96,0.33669952868947506,0.3003876067000451,0.33803964789846813
97,0.34045856241065126,0.29626824679352465,0.3291407750643785
98,0.33069813373417695,0.2930369150928408,0.3297118668778421
99,0.33457576949875867,0.28884005480251507,0.32680864116005315
100,0.35306346594342225,0.3140858357495953,0.34226413639631875
101,0.33134023121390344,0.2976617470727179,0.3343905137969747
102,0.3447423753662098,0.3069913680668226,0.3344568229348597
103,0.33306090130743077,0.2932496036444054,0.32776325938219797
104,0.34809005204644705,0.30074794248648934,0.34035484821738304
105,0.3415031776479305,0.3007577225912284,0.3362999949459819
106,0.3363215603448306,0.2940719166030303,0.3342298057140312
107,0.34446874792162463,0.30815720818412656,0.3430395124963423
108,0.3486825299404918,0.2959408439689638,0.32368117970741345
109,0.3381949534852345,0.27862748866422593,0.3186427693104115
110,0.34926649240174396,0.2972194574689822,0.3187523317702903
111,0.3544034718811515,0.31061676367795665,0.3292666261181626
112,0.3509414331269206,0.29464669639137286,0.32788382264059246
113,0.34368450139834444,0.28081721101196794,0.31647171559144255
114,0.36488315368153035,0.3123081579353174,0.3335076301175922
115,0.3444216982844192,0.2913841977712925,0.31830430468594556
116,0.3305416090031264,0.27610716883343395,0.3293263821888595
117,0.3346407975825558,0.2840468774196272,0.31214667452453704
118,0.3404073881754609,0.296399570045934,0.31974977300202795
119,0.35109641044044043,0.29605078332972573,0.3166217468954632
120,0.34331286629806823,0.2982873147284043,0.3149421123622101
121,0.3349970768495466,0.27892364536527237,0.3168961311255711
122,0.3579946375852984,0.2945348108570034,0.3305796388524096
123,0.3400711369946141,0.29902075322551,0.3305862357692726
124,0.3316164331327022,0.3014497046617761,0.3257321774365829
125,0.3550816166220932,0.29570683436922757,0.33317116503061356
126,0.3501039851577592,0.291873228614409,0.32097173377045013
127,0.3416047416806493,0.3011689650867796,0.3126508388679111
128,0.35697425560043544,0.31050445982562863,0.33687719894917645
129,0.3414276703921819,0.28684212045480145,0.3113877769116832
130,0.35190488500341943,0.3062657608656338,0.3303315897591135
131,0.35525400684798036,0.31428560618910906,0.3407491851902822
132,0.35425029194798924,0.31521711132329744,0.33266040046665574
133,0.37709735500450564,0.3139933774220741,0.33610725395824
134,0.3550937030023648,0.31327638833765953,0.33572968777390294
135,0.3596154915434532,0.3040785080219889,0.32767828453673936
136,0.3612533094655381,0.30784514369870514,0.33284352488849733
137,0.34232403742653206,0.29775474771236643,0.3266323672434306
138,0.3457672210897315,0.30774547955237985,0.3358429105058677
139,0.37896461549266314,0.31848540410989346,0.33872647864775324
140,0.34708201760971386,0.30274145834217275,0.3345732335975068
141,0.34980022212794964,0.31029755859751645,0.3346054731144631
142,0.35052483182439453,0.300182515608179,0.3272907273550929
143,0.3512343794287586,0.3033317559457631,0.33514788090681913
144,0.327407881790389,0.28721733317478,0.31991752400746487
145,0.34414378516581917,0.3001981130051854,0.3765586304073691
146,0.3320656241198612,0.29078720956241677,0.3205043659577423
147,0.35963408405417663,0.31264826779673144,0.3358236878058592
148,0.3420833797083422,0.29271831724098324,0.30810721537058444
149,0.3528510830945083,0.2977298267802794,0.3294040116537744
150,0.33445353076671175,0.29082654549326287,0.3132166194358242
151,0.32853962414560506,0.2832076398992038,0.29931822325387086
152,0.34857584713784584,0.3100787792693843,0.29975590398915103
153,0.36096516883254237,0.3173296023514976,0.3200277433093538
154,0.3352207793072196,0.29347939664997214,0.30321324245140124
155,0.3334869416218848,0.295424073251193,0.3085564494278745
156,0.37068489781110825,0.34014118698943846,0.33855671977240054
157,0.344818310873376,0.3218418882469218,0.3405767297019321
158,0.34212604098387384,0.3251545837888554,0.33411175272212856
159,0.3280923651144933,0.30345049313552547,0.3256057757117474
160,0.334126996953659,0.31807750672593504,0.3389597225516685
161,0.33649156510117123,0.31027491529156986,0.33358504591295624
162,0.3420085284433326,0.3129274065976115,0.34116814841113935
163,0.33489388724709457,0.30909703584115966,0.3218036685878742
164,0.33218356621396833,0.3217681789467001,0.33733797312797337
165,0.342400296351473,0.3142614209415547,0.3315231472937405
166,0.3457188918450434,0.32138505226529773,0.3380546484825718
167,0.35825840998903763,0.3363616702562869,0.3555975431721031
168,0.3461705734012212,0.324133966772663,0.34223177315100944
169,0.3406034279966636,0.3208842054807109,0.3363886252104675
170,0.32417753739126454,0.31200579475258294,0.32236061619634393
171,0.329626609806788,0.3117862617450632,0.3171654972889574
172,0.3392808264167249,0.315028793728714,0.33162086027113025
173,0.3396680644889797,0.3130369766239613,0.3302614848376807
174,0.34153037132690695,0.3209181049624522,0.33817823109486284
175,0.31811305816339464,0.31506593173148795,0.3165884465835885
176,0.3443604123329724,0.32784433738091096,0.34365995691356316
177,0.34514454180014553,0.3086517362522983,0.3366382678838119
178,0.3881261463372833,0.34835099909961575,0.3888079382407116
179,0.34255384806125155,0.31212236511629715,0.32347083332511106
180,0.35525751005085937,0.31963642665811737,0.32725958962312646
181,0.36321180130494646,0.3191865274770541,0.3235920019302568
182,0.35243370246336686,0.31586950874703584,0.31332763606657976
183,0.33981683459212764,0.3110529005155128,0.2899991845098789
184,0.339584877686121,0.31047482612742866,0.2890990089636925
185,0.3639442806298458,0.32746505021814104,0.32711771936682044
186,0.35381426389931603,0.3300503514774475,0.34758761324082615
187,0.3239341306260154,0.28725989400360513,0.31091570557833254
188,0.3570203433890388,0.33519931397774916,0.34170284786323335
189,0.3534032441295882,0.3207668031945247,0.3370584336550688
190,0.3531424558672263,0.32162956324206093,0.3411583655807733
191,0.3531731004109985,0.3303183420775315,0.34242199662954664
192,0.3545012846761621,0.329793167293377,0.3446856926431894
193,0.348650002888485,0.32372671769675326,0.34328115927269726
194,0.36342955880718697,0.32843679201926235,0.3452198924265813
195,0.3583418422796319,0.331795114763452,0.3481943780393462
196,0.35276970772264926,0.3160986946315947,0.3339071721129294
197,0.35437991470448954,0.3126734834597887,0.3440292189281875
198,0.35171036483557605,0.3296198620975203,0.3359550948600589
199,0.3556848265743377,0.31378617347180876,0.3423467545920745
200,0.344138073007077,0.3077795091506975,0.33969442134475486
201,0.34196350816919757,0.30630839259600756,0.31895468003461364
202,0.33084218850362895,0.3142113685095851,0.3218409456612396
203,0.3438692379203062,0.31220479421910635,0.32828525969459804
204,0.3475013875231985,0.32870327188941967,0.33569432467592136
205,0.3459978800457027,0.3180024308422482,0.32188662299480525
206,0.35521270228413043,0.3269710153054661,0.3379896674427925
207,0.3535539570193006,0.32811260664814323,0.3412173287606844
208,0.33671271440386197,0.30078416830440685,0.30827708298389206
209,0.3653399898133042,0.3203680513202376,0.3300551268061131
210,0.33557450657062626,0.3082121280319482,0.3108725060773577
211,0.36468881195156033,0.3547890814218579,0.363834662977169
212,0.36856089267964065,0.35134135319005194,0.3638528306837753
213,0.36925079905885405,0.35411640495718655,0.36865219037286473
214,0.36804669371306253,0.35069731941803867,0.36537130241351146
215,0.35617344587882865,0.3438731984854205,0.366446342868793
216,0.3748500617440285,0.35698443989931194,0.3627642124568634
217,0.3700840774866287,0.35601988540766294,0.36023758334427786
218,0.3737989098164641,0.35574690349057037,0.3638495290310323
219,0.37449492905977977,0.3544695968176604,0.36677304718550247
220,0.3630857098255592,0.3546003132178545,0.3659267034135446
221,0.3643945583821763,0.35022227320183436,0.363408638743541
222,0.3755767494958024,0.354474255116895,0.3647446297834915
223,0.3676849770122528,0.34485484738305944,0.36210173961972314
224,0.3754882393729213,0.35115114043439494,0.3612139693252995
225,0.3821034903706588,0.35477474979377793,0.3656408915887356
226,0.3793386592179446,0.35380803485168955,0.3652649029825774
227,0.39280297793748703,0.36167501835711835,0.3708125718852826
228,0.3880039454041464,0.3493629611786163,0.374701806989266
229,0.3761087801248635,0.35122490611867246,0.36378935989793953
230,0.37262262258211154,0.36736164971580515,0.36621682499180136
231,0.3723036871547722,0.3385782105579323,0.36726168432029277
232,0.3874312114658954,0.36156180133120147,0.38160514828117964
233,0.37970434693331423,0.3574071406818019,0.3627469192374129
234,0.38238100181030504,0.35295773638776723,0.37264202957596504
235,0.36418959406980134,0.3472601952490943,0.3557145716815271
236,0.3663255563415768,0.34953952855701054,0.35771021828759164
237,0.3639530316294711,0.34699343325893434,0.3528003642044376
238,0.35417378142027794,0.34210333388296976,0.34910664658284307
239,0.35595632843644504,0.34505907720083323,0.34966646242348065
240,0.329410280022892,0.30154851185174075,0.2919288331318799
241,0.33662645991248785,0.31121994486833615,0.29913336977606664
242,0.34247488243302,0.30726715357275725,0.30479409151969294
243,0.33472183557323254,0.31918282734410214,0.30440595085218775
244,0.3350342870763441,0.3124963459041528,0.3003101127524857
245,0.33581236152989025,0.3147624364390571,0.3039031017467814
246,0.33627343248537317,0.31868668109788234,0.30572532608127284
247,0.330309753672447,0.3126176024419984,0.2968758744340584
248,0.3338352311432022,0.3165984995466963,0.3041321628562076
249,0.3327702610072514,0.31211178282632357,0.2946661496483637
250,0.34050725430526907,0.3248810502554999,0.30390619451305256
251,0.3358062737404629,0.3076917104361625,0.2965721566930951
252,0.3569912447775773,0.3246153434603459,0.3286841949000989
253,0.3413499342031566,0.3174194161836263,0.3082926922952689
254,0.3485688646477339,0.3214466085740292,0.30595001243599035
255,0.34873710162137955,0.3155349103310529,0.30947633813118464
256,0.34199684396206365,0.3134295887294712,0.30882107669501685
257,0.35663594035426877,0.33036329486155647,0.3229704361612031
258,0.34553989461830525,0.3225787552286146,0.3178843104618292
259,0.3502539057982035,0.32720236686338283,0.31575215146253843
260,0.3496108391778835,0.3164252980537218,0.31305856289852946
261,0.3463617562453202,0.31382860733511936,0.30665508959225374
262,0.3509274810114177,0.3187378118260194,0.3146817685179037
263,0.33530440300485315,0.3186882796770632,0.3066480124248546
264,0.34632433072368696,0.3211838428842465,0.309329007017912
265,0.3692771151868366,0.33105111175236024,0.38317357169966504
266,0.36905388116412935,0.3424568448034827,0.377404845964369
267,0.348075355022132,0.32923219246974195,0.3265955884542875
268,0.34408224776098234,0.3201606152106838,0.30959965784541116
269,0.34534185598329764,0.3249159864066395,0.31832442189368804
270,0.3555812250000305,0.3192424647132959,0.31853573602810725
271,0.3537770587452231,0.32351493963864036,0.3237317642625788
272,0.3429199368956567,0.3280998597812454,0.3108458706015338
273,0.34530072507077886,0.31510375144164526,0.3211554637254416
274,0.3416991503261844,0.3190740604942685,0.32043661511277133
275,0.3464877584207572,0.3331195872093341,0.3202120176013213
276,0.29992292250480607,0.27139100116011466,0.3085641991196517
277,0.2752497389016543,0.26132206574192385,0.28256561202555197
278,0.3105388266856336,0.27407963912355116,0.30947600232460376
279,0.27475124566692943,0.2647323332019693,0.27249831207594616
280,0.25923453036522454,0.24551428440604714,0.26025778036572517
281,0.2771809784275905,0.26946153899284225,0.27734139773757294
282,0.287019092475408,0.26317827250356296,0.29022821091144546
283,0.30669787159553047,0.2708531072167924,0.3033072297419061
284,0.32318294972643774,0.28876242232037413,0.3232050916073924
285,0.2988841212861471,0.2903222705935645,0.30323790506044696
286,0.44275205241696364,0.38422284743780816,0.39747745489182523
287,0.42742836502485204,0.389255116046229,0.40003176238944893
288,0.46205178361237426,0.4004099149056544,0.39826436285449046
289,0.46149651608873143,0.39277812134919793,0.39686183758142884
290,0.4491183007970499,0.4063253216118937,0.4013815813076598
291,0.4582217269242759,0.40279650692984,0.40007682220088353
292,0.4602659100859164,0.40810281020034367,0.4056945426636745
293,0.4813975170967206,0.4096954099392366,0.40607234191766073
294,0.4588673334759824,0.3994389071772336,0.39732911028842716
295,0.471403332778078,0.4071281328797032,0.3984226034357157
296,0.46101132847139,0.40404611240262744,0.3939955386653794
297,0.46896866841543333,0.40604481919235513,0.40180907068900173
298,0.4528260571255909,0.39931882244037514,0.39531776024444276
299,0.47196562990197116,0.4032637861310744,0.40547276246613145
300,0.4573635092875775,0.39419915154202323,0.40078982380164063
301,0.4580165115255104,0.3929456008559493,0.40072049933675363
302,0.47145392262794916,0.3991893268998762,0.40161306584791273
303,0.45180451940302835,0.4002855723131167,0.3959727437573914
304,0.46785250530104977,0.39574922337521384,0.39606860652207065
305,0.4476206597599892,0.39388668665153137,0.39108692184171095
306,0.4491911745483594,0.40940068353812026,0.3855224460135604
307,0.4214814363101796,0.3806597050515667,0.39594624373457465
308,0.41129890946128966,0.3540209464146169,0.36061023893077476
309,0.3914911743076425,0.3349605804494051,0.324255482417752
310,0.3961458643862131,0.3384529707351681,0.3261632939744043
311,0.44817040719079076,0.4038899551691996,0.3888683979817468
312,0.46142878241038815,0.405975635219384,0.39723286398285607
313,0.4417403610569607,0.39951230837455015,0.39031770004917077
314,0.44047072625704,0.3895714040978605,0.39247376717525984
315,0.4332976451664167,0.395140031296576,0.3876335115871929
316,0.4519864494224995,0.4015990905565547,0.4055060086797341
317,0.441288510323858,0.3967506362967756,0.39929964099809734
318,0.44454760261348664,0.3985893901043106,0.38825120768505905
319,0.4571282896093922,0.40599159759463893,0.39966195639492413
320,0.4566546146044427,0.40168123401746453,0.40763321137691966
321,0.47258635803473087,0.4151737892637618,0.3807152665538878
322,0.47470986925323416,0.41188943223557223,0.37852370935483576
323,0.46549387468778086,0.41430611195701333,0.37882386111980243
324,0.46723165320305593,0.41804490637384595,0.3865343087668082
325,0.48090262441983267,0.39845614515565814,0.36702300331657034
326,0.47522600975066615,0.40845650061140626,0.37443869216112236
327,0.45891091049700794,0.4087247658934754,0.3742232534186326
328,0.46506816165208564,0.40598606659437214,0.37444213835937673
329,0.4786133350928041,0.4191118925682413,0.386703944023476
330,0.4731457699544542,0.40681544619329135,0.384041065015235
331,0.4726933705106436,0.41715099098518177,0.38936699429587074
332,0.4768758043549015,0.4184397155683013,0.38631535999208033
333,0.48436239194765346,0.4157538756354627,0.39421521948480537
334,0.4900980006370399,0.41253096245047965,0.39804993702497365
335,0.46598010262586637,0.420587228206987,0.3907929807454601
336,0.47228589911325225,0.42423452841777853,0.39525452083877977
337,0.47165627389636094,0.4174485150005223,0.3995944617746076
338,0.47864291914852525,0.42640985749562393,0.39104048185126056
339,0.47079909581387464,0.41348016086464096,0.39552943777291405
340,0.4636516279206653,0.4149342707081481,0.386431132730222
341,0.4464741274459537,0.38797431201813587,0.39653546174643944
342,0.4566325805232913,0.3867985309504038,0.39696670861634464
343,0.4504688804269487,0.38499849757984506,0.3955658696534721
344,0.46034960783901524,0.38425707333186165,0.39162205215995777
345,0.46569733698000665,0.4071177939278153,0.39552207117889077
346,0.4703533644934476,0.41997817688814015,0.39221140282103445
347,0.44871407695472065,0.39795270102499475,0.3658582478338452
348,0.4590179795924994,0.39870422139998246,0.4119468560497947
349,0.4655860891931189,0.4095068357306916,0.4068847345729715
350,0.448834823724474,0.40278615711529797,0.403135514468371
351,0.4454922272911363,0.39639816867966116,0.3922910123252193
352,0.4549878589275282,0.39336462342086637,0.40019569106106845
353,0.45846753540467017,0.398879437318236,0.39734144874706445
354,0.45652509821659853,0.38942882305939347,0.41233642413823623
355,0.4509860676025931,0.4016691035734064,0.4040319079656938
356,0.4475383307548971,0.4070675972950705,0.40817883973344055
357,0.4521786549890273,0.40193613685401547,0.402851054843266
358,0.45349964616190436,0.40311113527737874,0.3969626360283986
359,0.45324285370877343,0.39604699782657876,0.4022471224706033
360,0.45516391631032466,0.40134890235064374,0.4029010411261571
361,0.4622433584340838,0.4013169356846464,0.398905755927989
362,0.45325629670703255,0.4002671240673864,0.40331575953992177
363,0.45447508416558796,0.4113157520031708,0.3877131160032982
364,0.4544656813669472,0.3992722686533015,0.403016297756341
365,0.46235735415458057,0.3974767456922651,0.3907448736295192
366,0.4531001491439113,0.3940410214521306,0.39933950731443085
367,0.46059453013539675,0.3977846215714958,0.3909664950427676
368,0.45869281500408265,0.39501617452328747,0.39772497738103246
369,0.4605537507875963,0.41099934818040584,0.39755186587413915
370,0.3450833481588208,0.33625559169394603,0.3287000327259034
371,0.34955350739294266,0.3363350003533157,0.33487391147252227
372,0.3379901628419603,0.3403103564951662,0.32569669403145113
373,0.3524076028808326,0.3433152762784445,0.3329375662162809
374,0.34040554935039635,0.33456781985812056,0.3247308687655306
375,0.3346368740647541,0.3339105945851981,0.3239757157252878
376,0.33672829951373584,0.33867761707464344,0.32365405251086765
377,0.3337387322021061,0.33858201559641277,0.32480419406334105
378,0.33894693556963107,0.3457635759457838,0.32807929227581917
379,0.33375965521864687,0.3367914158761519,0.32472165742665243
380,0.3447493784712418,0.33541578264639177,0.32257928053740237
381,0.33525470317392747,0.33392057383687973,0.326064463057154
382,0.341274341336437,0.33495205283774127,0.32692400010761496
383,0.3455752354979029,0.3396684271453698,0.3348203822696566
384,0.339302212671553,0.3340894476098547,0.3308427537537634
385,0.3477210864471157,0.32871091749403997,0.33018781380240364
386,0.34694781454126444,0.343819040088964,0.3312051034301167
387,0.4823696655330758,0.418815549962078,0.4001717756934673
388,0.4194103925712993,0.35048334888012067,0.36604131822603614
389,0.43295804650658387,0.35710606696885844,0.3544142850072298
390,0.43166854846688013,0.3507512713994017,0.35440093667545236
391,0.4348971095188124,0.3954207996414795,0.41728623581991486
392,0.3773727660875908,0.2972305835371257,0.30362943073423504
393,0.42608349394461387,0.35087249626483763,0.36139280309717453
394,0.45122335357197785,0.3924477837424278,0.389725341665181
395,0.43361511458330876,0.3934230968005723,0.3890787003175211
396,0.4685716739970941,0.4346716548416549,0.3974423881545978
397,0.46609202874067907,0.42847389508949907,0.4017684569288801
398,0.47344818029107355,0.4207123002758622,0.40852168323941424
399,0.46327972180334825,0.41514895597990253,0.4017845670256558
400,0.47398069738291715,0.4296583424726113,0.39710963382726877
401,0.4656416425484112,0.42884658974849665,0.4004401264771982
402,0.46986265477133926,0.42416196822320057,0.41058831263082884
403,0.4479948773496973,0.4085235861617394,0.3925490152227892
404,0.4586984034746808,0.426456579112275,0.40415508618241436
405,0.47414524064024544,0.42312444548429773,0.4000078120910711
406,0.4450584632975803,0.3774514022880938,0.37620265561008015
407,0.442830954245475,0.3862495538415426,0.37316808695719816
408,0.45948531599942116,0.3923790392220021,0.38029352953380074
409,0.4358292446194607,0.37959162843293826,0.37957738949064057
410,0.458893374281183,0.39357371341291547,0.3882851002468492
411,0.4423938157044362,0.3777402623385809,0.37831884367274987
412,0.4502589238574307,0.38543288472299014,0.3794049878846489
413,0.45549472857006473,0.3838656003781645,0.38417426065632737
414,0.4475683886553369,0.3897011524014532,0.38056735007865367
415,0.44117202990917226,0.38488563576507195,0.377306546162299
416,0.45595231986705126,0.38375507349882515,0.38991220951007394
417,0.44156494053332346,0.3779788977905294,0.37443651305781983
418,0.4366649033679785,0.38309198697481783,0.36967961233112084
419,0.4497353919439698,0.390627447226118,0.38209193286032733
420,0.4499935634230597,0.3917944755068702,0.3750897277080388
421,0.45440030368296047,0.385523638535747,0.3810977977769766
422,0.44295528943363044,0.3832422908909368,0.38081365760026825
423,0.4627413315493931,0.4123283726829988,0.3962043937149746
424,0.479113917487005,0.40944500282233404,0.4117895484529998
425,0.4761931914720338,0.41486629994694113,0.4031804137239817
426,0.48511362260746976,0.4067188633607763,0.4089909926502644
427,0.477221396589546,0.40486686034227365,0.4090501311768055
428,0.4765057989939563,0.4042565174946316,0.4126696505479087
429,0.46302108181508794,0.40291490106439065,0.40136429123276196
430,0.45072807824366284,0.400245005615549,0.4098856543769584
431,0.45810362395473775,0.40543910053709414,0.4023453487895423
432,0.46342702906618605,0.40438511326716325,0.40337806822920086
433,0.4610023771064184,0.40391047002609076,0.39874686750924876
434,0.46216954385617254,0.40335890960191545,0.40805166155921874
435,0.4649406572520372,0.3988001040379001,0.4004505260084001
436,0.4604099663802704,0.4017796743752764,0.4019541036488149
437,0.4541153728424946,0.39739845678531155,0.39865574214316785
438,0.4572810985369074,0.3962728838170923,0.4056617856238085
439,0.45556823260255364,0.4054289876700218,0.4036435445544787
440,0.4548824412209073,0.4019682027190955,0.39642819785458966
441,0.3472355178882174,0.3472245011995119,0.338468308536538
442,0.3557463128234222,0.3658742293749373,0.3557233244134509
443,0.3445745211946349,0.3507004191517991,0.33564730486954375
444,0.34296091099844406,0.3455947885318923,0.33478113895880623
445,0.34215147924239003,0.3427679547089958,0.33283276613100643
446,0.3403768903465576,0.3446065522213281,0.33626308317022663
447,0.4829015417112872,0.4233836301819686,0.3965203530607403
448,0.3689691940250359,0.3473260265276929,0.35791938789288497
449,0.3753091851856851,0.35687587088029454,0.36388088980770955
450,0.3625916529769686,0.3483086700800115,0.35317362158353516
451,0.36745887079861755,0.34804046391974486,0.3598546224431168
452,0.37067398343046737,0.3500867801027825,0.3583421135917423
453,0.3641780192234528,0.34476387458312546,0.3535751074118764
454,0.3686638895238978,0.34630089349989746,0.35851200097755903
455,0.3677071069644934,0.345948980105864,0.3555115239791349
456,0.45492880080686643,0.39218160542217995,0.403323217801542
457,0.44576025382609785,0.38217612471594475,0.4008019914506877
458,0.44142032527506825,0.3848571508995243,0.3861487461200914
459,0.43632706851074343,0.3872784309833254,0.39651714234551994
460,0.44469762360971526,0.4004487393917969,0.3957897273312406
461,0.44782096893651224,0.3963371936031673,0.3994053513843079
462,0.4495885243280135,0.39898036102461976,0.4035761845501922
463,0.4461125524879359,0.3849948278962197,0.3991797259106643
464,0.45437776315166906,0.3992281671793367,0.4054596172311994
465,0.4532726292744133,0.39735981066995213,0.39289553893618023
466,0.45111498026542507,0.38804538099222247,0.40252168533242194
467,0.4352927392845134,0.3879017201718253,0.3966470660137594
468,0.4770547246328381,0.3979965755886715,0.40637301206853077
